  1755.371       10.610
  1766.623       14.819
  1775.538       11.826
  1784.456       14.905
  1798.455        4.200
  1810.538        0.000
  1823.204        0.271
  1833.623       12.452
  1843.707       17.706
  1856.124        6.205
  1867.204        8.186
  1878.958        3.314
  1890.123        6.706
  1901.790        4.503
  1913.455        1.737
  1923.288        8.954
  1933.790        4.988
  1944.290       10.119
  1954.288        5.025
  1964.624       12.115
  1976.540       18.523
  1986.538       14.164
  1996.373       11.249
  2009.123        2.203
  2019.790        1.673
