    21.958       13.615     35.223
    52.475       48.590     55.035
   107.056       83.232    141.451
    71.684       69.026    100.893
     2.882        3.489     14.514
     1.903        3.634      5.726
     1.331        9.347     11.397
    67.436       56.803    101.114
    54.344       30.306     38.878
    62.594       46.085     57.369
    74.144       61.874     67.469
    55.116       43.763     43.803
    72.711       55.739     69.642
    34.066       28.249     37.366
    61.073       50.468     60.077
    19.566       21.263     43.648
    55.122       40.821     70.744
    65.627       63.215     89.627
   127.801       98.531    137.675
    48.386       35.416     60.790
    96.970       72.962     92.867
    64.262       64.437     98.634
    51.304       42.214     61.415
    22.030       25.051     39.001
    20.764       23.250     37.516
