  1749.042      108.156
  1749.123      110.195
  1749.204      113.967
  1749.288      118.912
  1749.371      124.381
  1749.455      129.880
  1749.538      135.236
  1749.623      140.449
  1749.707      145.318
  1749.790      149.217
  1749.874      151.385
  1749.958      151.552
  1750.042      150.316
  1750.123      148.838
  1750.204      148.086
  1750.288      148.252
  1750.371      148.703
  1750.455      148.396
  1750.538      146.389
  1750.623      142.224
  1750.707      136.039
  1750.790      128.455
  1750.874      120.300
  1750.958      112.379
  1751.042      105.345
  1751.123       99.662
  1751.204       95.470
  1751.288       92.434
  1751.371       89.739
  1751.455       86.425
  1751.538       81.940
  1751.623       76.582
  1751.707       71.497
  1751.790       68.179
  1751.874       67.728
  1751.958       70.310
  1752.042       75.084
  1752.124       80.551
  1752.206       85.115
  1752.290       87.592
  1752.373       87.490
  1752.456       85.041
  1752.540       81.027
  1752.624       76.493
  1752.708       72.401
  1752.791       69.335
  1752.874       67.374
  1752.958       66.188
  1753.042       65.271
  1753.123       64.163
  1753.204       62.564
  1753.288       60.372
  1753.371       57.625
  1753.455       54.399
  1753.538       50.673
  1753.623       46.289
  1753.707       41.079
  1753.790       35.122
  1753.874       28.939
  1753.958       23.436
  1754.042       19.598
  1754.123       18.050
  1754.204       18.734
  1754.288       20.905
  1754.371       23.455
  1754.455       25.383
  1754.538       26.153
  1754.623       25.743
  1754.707       24.449
  1754.790       22.617
  1754.874       20.508
  1754.958       18.283
  1755.042       16.056
  1755.123       13.948
  1755.204       12.143
  1755.288       10.922
  1755.371       10.610
  1755.455       11.424
  1755.538       13.299
  1755.623       15.812
  1755.707       18.303
  1755.790       20.121
  1755.874       20.882
  1755.958       20.588
  1756.042       19.570
  1756.124       18.301
  1756.206       17.182
  1756.290       16.425
  1756.373       16.077
  1756.456       16.135
  1756.540       16.630
  1756.624       17.624
  1756.708       19.160
  1756.791       21.239
  1756.874       23.866
  1756.958       27.056
  1757.042       30.767
  1757.123       34.832
  1757.204       38.990
  1757.288       43.053
  1757.371       47.047
  1757.455       51.167
  1757.538       55.553
  1757.623       60.106
  1757.707       64.510
  1757.790       68.464
  1757.874       71.889
  1757.958       74.940
  1758.042       77.772
  1758.123       80.300
  1758.204       82.161
  1758.288       82.957
  1758.371       82.581
  1758.455       81.335
  1758.538       79.738
  1758.623       78.241
  1758.707       77.067
  1758.790       76.270
  1758.874       75.872
  1758.958       75.927
  1759.042       76.515
  1759.123       77.727
  1759.204       79.667
  1759.288       82.432
  1759.371       86.009
  1759.455       90.123
  1759.538       94.209
  1759.623       97.588
  1759.707       99.829
  1759.790      101.005
  1759.874      101.630
  1759.958      102.284
  1760.042      103.231
  1760.124      104.326
  1760.206      105.235
  1760.290      105.724
  1760.373      105.786
  1760.456      105.562
  1760.540      105.242
  1760.624      105.071
  1760.708      105.457
  1760.791      106.963
  1760.874      110.105
  1760.958      115.056
  1761.042      121.510
  1761.123      128.798
  1761.204      136.124
  1761.288      142.725
  1761.371      147.901
  1761.455      151.004
  1761.538      151.468
  1761.623      148.909
  1761.707      143.286
  1761.790      135.075
  1761.874      125.326
  1761.958      115.469
  1762.042      106.875
  1762.123      100.430
  1762.204       96.394
  1762.288       94.593
  1762.371       94.698
  1762.455       96.370
  1762.538       99.168
  1762.623      102.360
  1762.707      104.852
  1762.790      105.382
  1762.874      102.976
  1762.958       97.463
  1763.042       89.699
  1763.123       81.335
  1763.204       74.201
  1763.288       69.648
  1763.371       68.193
  1763.455       69.569
  1763.538       73.015
  1763.623       77.580
  1763.707       82.295
  1763.790       86.239
  1763.874       88.607
  1763.958       88.819
  1764.042       86.679
  1764.124       82.457
  1764.206       76.828
  1764.290       70.647
  1764.373       64.676
  1764.456       59.407
  1764.540       55.038
  1764.624       51.551
  1764.708       48.809
  1764.791       46.641
  1764.874       44.883
  1764.958       43.405
  1765.042       42.114
  1765.123       40.960
  1765.204       39.935
  1765.288       39.034
  1765.371       38.192
  1765.455       37.233
  1765.538       35.917
  1765.623       34.104
  1765.707       31.906
  1765.790       29.696
  1765.874       27.937
  1765.958       26.908
  1766.042       26.502
  1766.123       26.237
  1766.204       25.480
  1766.288       23.795
  1766.371       21.209
  1766.455       18.267
  1766.538       15.838
  1766.623       14.819
  1766.707       15.855
  1766.790       19.166
  1766.874       24.480
  1766.958       31.070
  1767.042       37.923
  1767.123       44.042
  1767.204       48.801
  1767.288       52.172
  1767.371       54.704
  1767.455       57.244
  1767.538       60.522
  1767.623       64.843
  1767.707       70.015
  1767.790       75.503
  1767.874       80.717
  1767.958       85.270
  1768.042       89.128
  1768.124       92.579
  1768.206       96.043
  1768.290       99.844
  1768.373      104.101
  1768.456      108.813
  1768.540      113.977
  1768.624      119.532
  1768.708      125.148
  1768.791      130.127
  1768.874      133.692
  1768.958      135.560
  1769.042      136.368
  1769.123      137.598
  1769.204      140.982
  1769.288      147.770
  1769.371      158.249
  1769.455      171.599
  1769.538      186.024
  1769.623      199.103
  1769.707      208.371
  1769.790      212.005
  1769.874      209.368
  1769.958      201.160
  1770.042      189.191
  1770.123      176.003
  1770.204      164.406
  1770.288      156.832
  1770.371      154.530
  1770.455      156.974
  1770.538      161.945
  1770.623      166.362
  1770.707      167.437
  1770.790      163.685
  1770.874      155.512
  1770.958      145.212
  1771.042      136.186
  1771.123      131.454
  1771.204      132.119
  1771.288      136.815
  1771.371      142.682
  1771.455      147.187
  1771.538      149.436
  1771.623      150.064
  1771.707      150.062
  1771.790      149.664
  1771.874      148.159
  1771.958      144.563
  1772.042      138.469
  1772.124      130.472
  1772.206      121.934
  1772.290      114.356
  1772.373      108.743
  1772.456      105.325
  1772.540      103.637
  1772.624      102.814
  1772.708      101.885
  1772.791       99.990
  1772.874       96.564
  1772.958       91.501
  1773.042       85.159
  1773.123       78.181
  1773.204       71.202
  1773.288       64.676
  1773.371       58.943
  1773.455       54.407
  1773.538       51.618
  1773.623       51.132
  1773.707       53.216
  1773.790       57.602
  1773.874       63.430
  1773.958       69.392
  1774.042       74.010
  1774.123       75.972
  1774.204       74.455
  1774.288       69.357
  1774.371       61.363
  1774.455       51.780
  1774.538       42.155
  1774.623       33.782
  1774.707       27.323
  1774.790       22.732
  1774.874       19.526
  1774.958       17.187
  1775.042       15.413
  1775.123       14.107
  1775.204       13.212
  1775.288       12.608
  1775.371       12.166
  1775.455       11.862
  1775.538       11.826
  1775.623       12.262
  1775.707       13.308
  1775.790       14.914
  1775.874       16.836
  1775.958       18.740
  1776.042       20.355
  1776.124       21.583
  1776.206       22.516
  1776.290       23.407
  1776.373       24.627
  1776.456       26.615
  1776.540       29.786
  1776.624       34.381
  1776.708       40.384
  1776.791       47.573
  1776.874       55.736
  1776.958       64.892
  1777.042       75.314
  1777.123       87.303
  1777.204      100.871
  1777.288      115.628
  1777.371      130.970
  1777.455      146.419
  1777.538      161.793
  1777.623      177.089
  1777.707      192.178
  1777.790      206.600
  1777.874      219.686
  1777.958      231.003
  1778.042      240.745
  1778.123      249.583
  1778.204      257.942
  1778.288      265.318
  1778.371      270.380
  1778.455      271.843
  1778.538      269.323
  1778.623      263.486
  1778.707      255.573
  1778.790      246.922
  1778.874      238.769
  1778.958      232.117
  1779.042      227.469
  1779.123      224.584
  1779.204      222.585
  1779.288      220.420
  1779.371      217.342
  1779.455      213.111
  1779.538      207.855
  1779.623      201.815
  1779.707      195.165
  1779.790      188.048
  1779.874      180.758
  1779.958      173.850
  1780.042      167.982
  1780.124      163.554
  1780.206      160.413
  1780.290      157.905
  1780.373      155.231
  1780.456      151.816
  1780.540      147.484
  1780.624      142.433
  1780.708      137.138
  1780.791      132.233
  1780.874      128.348
  1780.958      125.916
  1781.042      125.052
  1781.123      125.525
  1781.204      126.721
  1781.288      127.605
  1781.371      126.863
  1781.455      123.400
  1781.538      116.950
  1781.623      108.336
  1781.707       99.088
  1781.790       90.697
  1781.874       84.016
  1781.958       79.159
  1782.042       75.797
  1782.123       73.498
  1782.204       71.865
  1782.288       70.501
  1782.371       68.994
  1782.455       67.001
  1782.538       64.390
  1782.623       61.319
  1782.707       58.168
  1782.790       55.364
  1782.874       53.180
  1782.958       51.614
  1783.042       50.411
  1783.123       49.229
  1783.204       47.802
  1783.288       45.997
  1783.371       43.760
  1783.455       41.042
  1783.538       37.814
  1783.623       34.164
  1783.707       30.350
  1783.790       26.730
  1783.874       23.606
  1783.958       21.107
  1784.042       19.180
  1784.124       17.687
  1784.206       16.515
  1784.290       15.629
  1784.373       15.071
  1784.456       14.905
  1784.540       15.157
  1784.624       15.760
  1784.708       16.556
  1784.791       17.361
  1784.874       18.090
  1784.958       18.866
  1785.042       20.039
  1785.123       22.045
  1785.204       25.184
  1785.288       29.446
  1785.371       34.509
  1785.455       39.899
  1785.538       45.188
  1785.623       50.134
  1785.707       54.722
  1785.790       59.206
  1785.874       64.125
  1785.958       70.204
  1786.042       78.049
  1786.123       87.784
  1786.204       98.930
  1786.288      110.671
  1786.371      122.343
  1786.455      133.732
  1786.538      144.927
  1786.623      155.903
  1786.707      166.217
  1786.790      175.111
  1786.874      181.908
  1786.958      186.428
  1787.042      189.160
  1787.123      191.112
  1787.204      193.445
  1787.288      197.094
  1787.371      202.550
  1787.455      209.806
  1787.538      218.345
  1787.623      227.147
  1787.707      234.850
  1787.790      240.095
  1787.874      241.990
  1787.958      240.449
  1788.042      236.283
  1788.124      230.977
  1788.206      226.195
  1788.290      223.152
  1788.373      222.119
  1788.456      222.345
  1788.540      222.487
  1788.624      221.347
  1788.708      218.476
  1788.791      214.324
  1788.874      209.900
  1788.958      206.181
  1789.042      203.638
  1789.123      202.101
  1789.204      200.976
  1789.288      199.601
  1789.371      197.593
  1789.455      195.033
  1789.538      192.452
  1789.623      190.549
  1789.707      189.759
  1789.790      189.863
  1789.874      189.952
  1789.958      188.812
  1790.042      185.522
  1790.123      179.883
  1790.204      172.440
  1790.288      164.175
  1790.371      156.109
  1790.455      149.009
  1790.538      143.247
  1790.623      138.782
  1790.707      135.253
  1790.790      132.189
  1790.874      129.248
  1790.958      126.364
  1791.042      123.672
  1791.123      121.282
  1791.204      119.094
  1791.288      116.819
  1791.371      114.216
  1791.455      111.340
  1791.538      108.578
  1791.623      106.428
  1791.707      105.201
  1791.790      104.861
  1791.874      105.116
  1791.958      105.609
  1792.042      106.041
  1792.124      106.164
  1792.206      105.739
  1792.290      104.607
  1792.373      102.824
  1792.456      100.711
  1792.540       98.713
  1792.624       97.155
  1792.708       96.085
  1792.791       95.315
  1792.874       94.588
  1792.958       93.699
  1793.042       92.522
  1793.123       90.941
  1793.204       88.802
  1793.288       85.950
  1793.371       82.358
  1793.455       78.277
  1793.538       74.278
  1793.623       71.077
  1793.707       69.195
  1793.790       68.657
  1793.874       68.994
  1793.958       69.530
  1794.042       69.768
  1794.123       69.558
  1794.204       68.993
  1794.288       68.159
  1794.371       67.036
  1794.455       65.622
  1794.538       64.128
  1794.623       62.956
  1794.707       62.355
  1794.790       62.059
  1794.874       61.286
  1794.958       59.216
  1795.042       55.562
  1795.123       50.772
  1795.204       45.729
  1795.288       41.247
  1795.371       37.765
  1795.455       35.349
  1795.538       33.875
  1795.623       33.178
  1795.707       33.092
  1795.790       33.434
  1795.874       33.998
  1795.958       34.570
  1796.042       34.943
  1796.124       34.914
  1796.206       34.300
  1796.290       32.990
  1796.373       31.013
  1796.456       28.552
  1796.540       25.883
  1796.624       23.260
  1796.708       20.836
  1796.791       18.659
  1796.874       16.719
  1796.958       15.004
  1797.042       13.536
  1797.123       12.371
  1797.204       11.560
  1797.288       11.092
  1797.371       10.867
  1797.455       10.726
  1797.538       10.522
  1797.623       10.182
  1797.707        9.708
  1797.790        9.158
  1797.874        8.602
  1797.958        8.081
  1798.042        7.567
  1798.123        6.977
  1798.204        6.235
  1798.288        5.381
  1798.371        4.609
  1798.455        4.200
  1798.538        4.400
  1798.623        5.305
  1798.707        6.845
  1798.790        8.827
  1798.874       11.003
  1798.958       13.109
  1799.042       14.871
  1799.123       15.996
  1799.204       16.226
  1799.288       15.448
  1799.371       13.793
  1799.455       11.649
  1799.538        9.555
  1799.623        8.022
  1799.707        7.375
  1799.790        7.663
  1799.874        8.695
  1799.958       10.164
  1800.042       11.818
  1800.123       13.574
  1800.204       15.515
  1800.288       17.750
  1800.371       20.251
  1800.455       22.810
  1800.538       25.209
  1800.623       27.452
  1800.707       29.821
  1800.790       32.669
  1800.874       36.114
  1800.958       39.908
  1801.042       43.594
  1801.123       46.791
  1801.204       49.384
  1801.288       51.501
  1801.371       53.362
  1801.455       55.165
  1801.538       57.058
  1801.623       59.162
  1801.707       61.567
  1801.790       64.256
  1801.874       67.039
  1801.958       69.585
  1802.042       71.589
  1802.123       72.957
  1802.204       73.847
  1802.288       74.541
  1802.371       75.219
  1802.455       75.845
  1802.538       76.215
  1802.623       76.149
  1802.707       75.630
  1802.790       74.782
  1802.874       73.711
  1802.958       72.384
  1803.042       70.724
  1803.123       68.824
  1803.204       67.076
  1803.288       66.025
  1803.371       66.081
  1803.455       67.312
  1803.538       69.464
  1803.623       72.093
  1803.707       74.713
  1803.790       76.878
  1803.874       78.251
  1803.958       78.655
  1804.042       78.071
  1804.124       76.617
  1804.206       74.585
  1804.290       72.506
  1804.373       71.152
  1804.456       71.323
  1804.540       73.465
  1804.624       77.349
  1804.708       82.046
  1804.791       86.253
  1804.874       88.797
  1804.958       89.049
  1805.042       87.071
  1805.123       83.490
  1805.204       79.206
  1805.288       75.071
  1805.371       71.649
  1805.455       69.125
  1805.538       67.356
  1805.623       66.031
  1805.707       64.834
  1805.790       63.524
  1805.874       61.948
  1805.958       60.015
  1806.042       57.716
  1806.123       55.153
  1806.204       52.536
  1806.288       50.108
  1806.371       48.037
  1806.455       46.337
  1806.538       44.863
  1806.623       43.364
  1806.707       41.569
  1806.790       39.287
  1806.874       36.500
  1806.958       33.398
  1807.042       30.324
  1807.123       27.606
  1807.204       25.389
  1807.288       23.571
  1807.371       21.896
  1807.455       20.094
  1807.538       18.003
  1807.623       15.611
  1807.707       13.059
  1807.790       10.624
  1807.874        8.670
  1807.958        7.557
  1808.042        7.511
  1808.124        8.509
  1808.206       10.242
  1808.290       12.209
  1808.373       13.901
  1808.456       14.999
  1808.540       15.464
  1808.624       15.463
  1808.708       15.202
  1808.791       14.784
  1808.874       14.168
  1808.958       13.244
  1809.042       11.962
  1809.123       10.399
  1809.204        8.739
  1809.288        7.163
  1809.371        5.764
  1809.455        4.534
  1809.538        3.432
  1809.623        2.448
  1809.707        1.614
  1809.790        0.972
  1809.874        0.531
  1809.958        0.262
  1810.042        0.118
  1810.123        0.048
  1810.204        0.018
  1810.288        0.006
  1810.371        0.002
  1810.455        0.000
  1810.538        0.000
  1810.623        0.000
  1810.707        0.001
  1810.790        0.006
  1810.874        0.019
  1810.958        0.056
  1811.042        0.144
  1811.123        0.322
  1811.204        0.638
  1811.288        1.119
  1811.371        1.758
  1811.455        2.498
  1811.538        3.258
  1811.623        3.963
  1811.707        4.566
  1811.790        5.037
  1811.874        5.334
  1811.958        5.403
  1812.042        5.219
  1812.124        4.859
  1812.206        4.529
  1812.290        4.501
  1812.373        4.981
  1812.456        5.981
  1812.540        7.302
  1812.624        8.632
  1812.708        9.709
  1812.791       10.433
  1812.874       10.891
  1812.958       11.291
  1813.042       11.859
  1813.123       12.765
  1813.204       14.073
  1813.288       15.755
  1813.371       17.734
  1813.455       19.910
  1813.538       22.165
  1813.623       24.318
  1813.707       26.119
  1813.790       27.299
  1813.874       27.682
  1813.958       27.281
  1814.042       26.307
  1814.123       25.065
  1814.204       23.831
  1814.288       22.764
  1814.371       21.929
  1814.455       21.394
  1814.538       21.320
  1814.623       21.943
  1814.707       23.469
  1814.790       25.949
  1814.874       29.233
  1814.958       33.029
  1815.042       37.040
  1815.123       41.079
  1815.204       45.111
  1815.288       49.168
  1815.371       53.205
  1815.455       57.035
  1815.538       60.460
  1815.623       63.501
  1815.707       66.497
  1815.790       69.935
  1815.874       74.093
  1815.958       78.747
  1816.042       83.121
  1816.124       86.151
  1816.206       86.951
  1816.290       85.279
  1816.373       81.725
  1816.456       77.473
  1816.540       73.765
  1816.624       71.396
  1816.708       70.570
  1816.791       71.093
  1816.874       72.635
  1816.958       74.760
  1817.042       76.805
  1817.123       77.925
  1817.204       77.482
  1817.288       75.459
  1817.371       72.447
  1817.455       69.159
  1817.538       65.952
  1817.623       62.792
  1817.707       59.584
  1817.790       56.482
  1817.874       53.892
  1817.958       52.249
  1818.042       51.805
  1818.123       52.492
  1818.204       53.887
  1818.288       55.285
  1818.371       55.924
  1818.455       55.300
  1818.538       53.367
  1818.623       50.501
  1818.707       47.260
  1818.790       44.118
  1818.874       41.330
  1818.958       38.982
  1819.042       37.147
  1819.123       36.012
  1819.204       35.810
  1819.288       36.604
  1819.371       38.102
  1819.455       39.732
  1819.538       40.941
  1819.623       41.465
  1819.707       41.347
  1819.790       40.741
  1819.874       39.731
  1819.958       38.333
  1820.042       36.632
  1820.124       34.847
  1820.206       33.238
  1820.290       31.908
  1820.373       30.716
  1820.456       29.360
  1820.540       27.594
  1820.624       25.413
  1820.708       23.056
  1820.791       20.851
  1820.874       18.987
  1820.958       17.403
  1821.042       15.874
  1821.123       14.206
  1821.204       12.408
  1821.288       10.696
  1821.371        9.378
  1821.455        8.684
  1821.538        8.627
  1821.623        8.979
  1821.707        9.381
  1821.790        9.557
  1821.874        9.485
  1821.958        9.389
  1822.042        9.519
  1822.123        9.914
  1822.204       10.329
  1822.288       10.400
  1822.371        9.874
  1822.455        8.734
  1822.538        7.165
  1822.623        5.438
  1822.707        3.808
  1822.790        2.455
  1822.874        1.466
  1822.958        0.831
  1823.042        0.481
  1823.123        0.320
  1823.204        0.271
  1823.288        0.302
  1823.371        0.444
  1823.455        0.807
  1823.538        1.583
  1823.623        2.995
  1823.707        5.185
  1823.790        8.053
  1823.874       11.168
  1823.958       13.865
  1824.042       15.513
  1824.124       15.820
  1824.206       14.967
  1824.290       13.527
  1824.373       12.226
  1824.456       11.650
  1824.540       12.008
  1824.624       13.048
  1824.708       14.252
  1824.791       15.199
  1824.874       15.856
  1824.958       16.546
  1825.042       17.663
  1825.123       19.398
  1825.204       21.683
  1825.288       24.291
  1825.371       26.917
  1825.455       29.202
  1825.538       30.807
  1825.623       31.587
  1825.707       31.751
  1825.790       31.833
  1825.874       32.469
  1825.958       34.125
  1826.042       36.953
  1826.123       40.805
  1826.204       45.336
  1826.288       50.107
  1826.371       54.680
  1826.455       58.731
  1826.538       62.169
  1826.623       65.185
  1826.707       68.104
  1826.790       71.143
  1826.874       74.253
  1826.958       77.194
  1827.042       79.736
  1827.123       81.783
  1827.204       83.341
  1827.288       84.432
  1827.371       85.077
  1827.455       85.349
  1827.538       85.410
  1827.623       85.496
  1827.707       85.887
  1827.790       86.904
  1827.874       88.905
  1827.958       92.190
  1828.042       96.837
  1828.124      102.516
  1828.206      108.423
  1828.290      113.398
  1828.373      116.265
  1828.456      116.276
  1828.540      113.452
  1828.624      108.604
  1828.708      103.051
  1828.791       98.226
  1828.874       95.354
  1828.958       95.238
  1829.042       98.067
  1829.123      103.283
  1829.204      109.636
  1829.288      115.545
  1829.371      119.615
  1829.455      121.066
  1829.538      119.911
  1829.623      116.890
  1829.707      113.233
  1829.790      110.306
  1829.874      109.190
  1829.958      110.306
  1830.042      113.187
  1830.123      116.557
  1830.204      118.814
  1830.288      118.829
  1830.371      116.610
  1830.455      113.352
  1830.538      110.736
  1830.623      109.891
  1830.707      110.747
  1830.790      112.188
  1830.874      112.822
  1830.958      111.727
  1831.042      108.708
  1831.123      104.074
  1831.204       98.339
  1831.288       92.119
  1831.371       86.125
  1831.455       81.010
  1831.538       77.098
  1831.623       74.275
  1831.707       72.179
  1831.790       70.523
  1831.874       69.226
  1831.958       68.237
  1832.042       67.255
  1832.124       65.633
  1832.206       62.637
  1832.290       57.866
  1832.373       51.559
  1832.456       44.571
  1832.540       38.035
  1832.624       32.895
  1832.708       29.533
  1832.791       27.664
  1832.874       26.551
  1832.958       25.400
  1833.042       23.715
  1833.123       21.437
  1833.204       18.855
  1833.288       16.393
  1833.371       14.419
  1833.455       13.129
  1833.538       12.523
  1833.623       12.452
  1833.707       12.697
  1833.790       13.050
  1833.874       13.356
  1833.958       13.508
  1834.042       13.453
  1834.123       13.221
  1834.204       12.972
  1834.288       12.990
  1834.371       13.628
  1834.455       15.213
  1834.538       17.932
  1834.623       21.729
  1834.707       26.257
  1834.790       31.000
  1834.874       35.569
  1834.958       39.999
  1835.042       44.771
  1835.123       50.533
  1835.204       57.747
  1835.288       66.574
  1835.371       76.994
  1835.455       88.883
  1835.538      101.881
  1835.623      115.217
  1835.707      127.837
  1835.790      138.890
  1835.874      148.223
  1835.958      156.411
  1836.042      164.251
  1836.124      172.100
  1836.206      179.602
  1836.290      186.006
  1836.373      190.873
  1836.456      194.654
  1836.540      198.773
  1836.624      205.032
  1836.708      214.593
  1836.791      227.054
  1836.874      240.238
  1836.958      251.007
  1837.042      256.771
  1837.123      256.774
  1837.204      252.273
  1837.288      245.530
  1837.371      238.393
  1837.455      231.558
  1837.538      224.890
  1837.623      218.295
  1837.707      212.234
  1837.790      207.483
  1837.874      204.520
  1837.958      203.139
  1838.042      202.537
  1838.123      201.620
  1838.204      199.290
  1838.288      194.688
  1838.371      187.500
  1838.455      178.218
  1838.538      168.117
  1838.623      158.821
  1838.707      151.655
  1838.790      147.097
  1838.874      144.608
  1838.958      142.921
  1839.042      140.744
  1839.123      137.571
  1839.204      134.156
  1839.288      132.228
  1839.371      133.406
  1839.455      137.958
  1839.538      144.273
  1839.623      149.581
  1839.707      151.476
  1839.790      149.195
  1839.874      143.748
  1839.958      136.952
  1840.042      130.252
  1840.124      124.198
  1840.206      118.717
  1840.290      113.672
  1840.373      109.147
  1840.456      105.297
  1840.540      102.023
  1840.624       98.822
  1840.708       94.983
  1840.791       90.020
  1840.874       84.083
  1840.958       78.035
  1841.042       73.107
  1841.123       70.251
  1841.204       69.564
  1841.288       70.166
  1841.371       70.641
  1841.455       69.784
  1841.538       67.145
  1841.623       63.076
  1841.707       58.359
  1841.790       53.750
  1841.874       49.710
  1841.958       46.396
  1842.042       43.772
  1842.123       41.730
  1842.204       40.162
  1842.288       39.016
  1842.371       38.334
  1842.455       38.228
  1842.538       38.722
  1842.623       39.547
  1842.707       40.065
  1842.790       39.485
  1842.874       37.301
  1842.958       33.656
  1843.042       29.330
  1843.123       25.323
  1843.204       22.333
  1843.288       20.475
  1843.371       19.406
  1843.455       18.688
  1843.538       18.102
  1843.623       17.712
  1843.707       17.706
  1843.790       18.185
  1843.874       19.072
  1843.958       20.157
  1844.042       21.221
  1844.124       22.117
  1844.206       22.809
  1844.290       23.366
  1844.373       23.928
  1844.456       24.646
  1844.540       25.657
  1844.624       27.123
  1844.708       29.323
  1844.791       32.639
  1844.874       37.383
  1844.958       43.513
  1845.042       50.425
  1845.123       57.026
  1845.204       62.111
  1845.288       64.884
  1845.371       65.353
  1845.455       64.354
  1845.538       63.177
  1845.623       63.020
  1845.707       64.562
  1845.790       67.853
  1845.874       72.494
  1845.958       77.920
  1846.042       83.585
  1846.123       89.010
  1846.204       93.803
  1846.288       97.749
  1846.371      100.903
  1846.455      103.531
  1846.538      105.842
  1846.623      107.743
  1846.707      108.892
  1846.790      109.030
  1846.874      108.334
  1846.958      107.478
  1847.042      107.422
  1847.123      109.174
  1847.204      113.701
  1847.288      121.915
  1847.371      134.484
  1847.455      151.340
  1847.538      171.130
  1847.623      191.118
  1847.707      207.906
  1847.790      218.751
  1847.874      222.655
  1847.958      220.604
  1848.042      214.919
  1848.124      208.271
  1848.206      202.868
  1848.290      199.977
  1848.373      199.793
  1848.456      201.701
  1848.540      204.872
  1848.624      208.820
  1848.708      213.474
  1848.791      218.633
  1848.874      223.323
  1848.958      225.729
  1849.042      223.953
  1849.123      217.113
  1849.204      205.972
  1849.288      192.666
  1849.371      179.787
  1849.455      169.437
  1849.538      162.691
  1849.623      159.520
  1849.707      158.993
  1849.790      159.612
  1849.874      159.726
  1849.958      157.977
  1850.042      153.689
  1850.123      147.080
  1850.204      139.182
  1850.288      131.493
  1850.371      125.451
  1850.455      121.951
  1850.538      121.106
  1850.623      122.346
  1850.707      124.808
  1850.790      127.725
  1850.874      130.541
  1850.958      132.734
  1851.042      133.632
  1851.123      132.571
  1851.204      129.344
  1851.288      124.513
  1851.371      119.274
  1851.455      114.944
  1851.538      112.426
  1851.623      111.932
  1851.707      113.069
  1851.790      115.101
  1851.874      117.219
  1851.958      118.683
  1852.042      118.881
  1852.124      117.392
  1852.206      114.112
  1852.290      109.362
  1852.373      103.900
  1852.456       98.744
  1852.540       94.805
  1852.624       92.484
  1852.708       91.471
  1852.791       90.933
  1852.874       90.009
  1852.958       88.287
  1853.042       85.942
  1853.123       83.504
  1853.204       81.483
  1853.288       80.101
  1853.371       79.204
  1853.455       78.318
  1853.538       76.804
  1853.623       74.081
  1853.707       69.880
  1853.790       64.415
  1853.874       58.361
  1853.958       52.618
  1854.042       47.959
  1854.123       44.732
  1854.204       42.774
  1854.288       41.585
  1854.371       40.649
  1854.455       39.681
  1854.538       38.672
  1854.623       37.723
  1854.707       36.836
  1854.790       35.819
  1854.874       34.360
  1854.958       32.204
  1855.042       29.301
  1855.123       25.813
  1855.204       22.024
  1855.288       18.252
  1855.371       14.791
  1855.455       11.897
  1855.538        9.743
  1855.623        8.355
  1855.707        7.587
  1855.790        7.181
  1855.874        6.893
  1855.958        6.607
  1856.042        6.345
  1856.124        6.205
  1856.206        6.273
  1856.290        6.580
  1856.373        7.110
  1856.456        7.822
  1856.540        8.685
  1856.624        9.697
  1856.708       10.880
  1856.791       12.263
  1856.874       13.874
  1856.958       15.762
  1857.042       18.041
  1857.123       20.884
  1857.204       24.450
  1857.288       28.795
  1857.371       33.851
  1857.455       39.473
  1857.538       45.461
  1857.623       51.543
  1857.707       57.371
  1857.790       62.634
  1857.874       67.201
  1857.958       71.174
  1858.042       74.804
  1858.123       78.385
  1858.204       82.245
  1858.288       86.797
  1858.371       92.480
  1858.455       99.518
  1858.538      107.668
  1858.623      116.223
  1858.707      124.358
  1858.790      131.602
  1858.874      138.042
  1858.958      144.103
  1859.042      150.121
  1859.123      156.115
  1859.204      161.917
  1859.288      167.438
  1859.371      172.729
  1859.455      177.778
  1859.538      182.226
  1859.623      185.348
  1859.707      186.397
  1859.790      185.119
  1859.874      182.084
  1859.958      178.552
  1860.042      175.978
  1860.124      175.414
  1860.206      177.132
  1860.290      180.557
  1860.373      184.477
  1860.456      187.470
  1860.540      188.428
  1860.624      186.937
  1860.708      183.333
  1860.791      178.443
  1860.874      173.225
  1860.958      168.484
  1861.042      164.679
  1861.123      161.823
  1861.204      159.554
  1861.288      157.384
  1861.371      154.945
  1861.455      152.064
  1861.538      148.664
  1861.623      144.700
  1861.707      140.212
  1861.790      135.389
  1861.874      130.537
  1861.958      126.023
  1862.042      122.284
  1862.123      119.815
  1862.204      118.975
  1862.288      119.634
  1862.371      120.943
  1862.455      121.571
  1862.538      120.345
  1862.623      116.881
  1862.707      111.801
  1862.790      106.376
  1862.874      101.865
  1862.958       98.901
  1863.042       97.261
  1863.123       96.076
  1863.204       94.361
  1863.288       91.522
  1863.371       87.611
  1863.455       83.235
  1863.538       79.282
  1863.623       76.615
  1863.707       75.832
  1863.790       77.096
  1863.874       80.052
  1863.958       83.903
  1864.042       87.671
  1864.124       90.572
  1864.206       92.257
  1864.290       92.797
  1864.373       92.410
  1864.456       91.232
  1864.540       89.318
  1864.624       86.824
  1864.708       84.106
  1864.791       81.556
  1864.874       79.359
  1864.958       77.382
  1865.042       75.311
  1865.123       72.892
  1865.204       70.067
  1865.288       66.943
  1865.371       63.650
  1865.455       60.250
  1865.538       56.778
  1865.623       53.369
  1865.707       50.339
  1865.790       48.075
  1865.874       46.768
  1865.958       46.162
  1866.042       45.574
  1866.123       44.221
  1866.204       41.644
  1866.288       37.942
  1866.371       33.649
  1866.455       29.388
  1866.538       25.557
  1866.623       22.222
  1866.707       19.230
  1866.790       16.413
  1866.874       13.759
  1866.958       11.440
  1867.042        9.682
  1867.123        8.608
  1867.204        8.186
  1867.288        8.314
  1867.371        8.963
  1867.455       10.223
  1867.538       12.217
  1867.623       14.974
  1867.707       18.367
  1867.790       22.149
  1867.874       26.080
  1867.958       30.019
  1868.042       33.946
  1868.124       37.907
  1868.206       41.953
  1868.290       46.169
  1868.373       50.761
  1868.456       56.066
  1868.540       62.381
  1868.624       69.692
  1868.708       77.514
  1868.791       85.027
  1868.874       91.481
  1868.958       96.643
  1869.042      100.969
  1869.123      105.331
  1869.204      110.408
  1869.288      116.147
  1869.371      121.741
  1869.455      126.222
  1869.538      129.256
  1869.623      131.567
  1869.707      134.708
  1869.790      140.415
  1869.874      149.947
  1869.958      163.620
  1870.042      180.584
  1870.123      198.879
  1870.204      215.902
  1870.288      229.257
  1870.371      237.636
  1870.455      241.156
  1870.538      240.953
  1870.623      238.366
  1870.707      234.375
  1870.790      229.628
  1870.874      224.805
  1870.958      220.748
  1871.042      218.044
  1871.123      216.396
  1871.204      214.478
  1871.288      210.599
  1871.371      203.794
  1871.455      194.465
  1871.538      184.148
  1871.623      174.670
  1871.707      167.356
  1871.790      162.723
  1871.874      160.626
  1871.958      160.571
  1872.042      161.964
  1872.124      164.230
  1872.206      166.842
  1872.290      169.338
  1872.373      171.355
  1872.456      172.655
  1872.540      173.114
  1872.624      172.665
  1872.708      171.240
  1872.791      168.753
  1872.874      165.120
  1872.958      160.220
  1873.042      153.853
  1873.123      145.846
  1873.204      136.353
  1873.288      126.078
  1873.371      116.160
  1873.455      107.676
  1873.538      101.169
  1873.623       96.572
  1873.707       93.479
  1873.790       91.438
  1873.874       90.008
  1873.958       88.712
  1874.042       87.116
  1874.123       85.054
  1874.204       82.766
  1874.288       80.695
  1874.371       79.041
  1874.455       77.444
  1874.538       75.121
  1874.623       71.391
  1874.707       66.167
  1874.790       60.053
  1874.874       53.995
  1874.958       48.797
  1875.042       44.782
  1875.123       41.742
  1875.204       39.145
  1875.288       36.454
  1875.371       33.403
  1875.455       30.102
  1875.538       26.935
  1875.623       24.365
  1875.707       22.721
  1875.790       22.062
  1875.874       22.156
  1875.958       22.549
  1876.042       22.713
  1876.124       22.245
  1876.206       21.051
  1876.290       19.410
  1876.373       17.844
  1876.456       16.841
  1876.540       16.620
  1876.624       17.093
  1876.708       18.007
  1876.791       19.111
  1876.874       20.242
  1876.958       21.303
  1877.042       22.216
  1877.123       22.888
  1877.204       23.202
  1877.288       23.044
  1877.371       22.359
  1877.455       21.216
  1877.538       19.789
  1877.623       18.261
  1877.707       16.722
  1877.790       15.169
  1877.874       13.591
  1877.958       12.039
  1878.042       10.616
  1878.123        9.397
  1878.204        8.380
  1878.288        7.499
  1878.371        6.688
  1878.455        5.926
  1878.538        5.235
  1878.623        4.647
  1878.707        4.167
  1878.790        3.776
  1878.874        3.474
  1878.958        3.314
  1879.042        3.405
  1879.123        3.862
  1879.204        4.751
  1879.288        6.060
  1879.371        7.719
  1879.455        9.637
  1879.538       11.747
  1879.623       14.042
  1879.707       16.583
  1879.790       19.454
  1879.874       22.689
  1879.958       26.216
  1880.042       29.889
  1880.124       33.626
  1880.206       37.528
  1880.290       41.871
  1880.373       46.890
  1880.456       52.493
  1880.540       58.119
  1880.624       62.923
  1880.708       66.254
  1880.791       68.104
  1880.874       69.183
  1880.958       70.513
  1881.042       72.858
  1881.123       76.393
  1881.204       80.794
  1881.288       85.512
  1881.371       89.976
  1881.455       93.649
  1881.538       96.103
  1881.623       97.174
  1881.707       97.132
  1881.790       96.680
  1881.874       96.703
  1881.958       97.846
  1882.042      100.093
  1882.123      102.632
  1882.204      104.198
  1882.288      103.801
  1882.371      101.396
  1882.455       97.979
  1882.538       95.000
  1882.623       93.480
  1882.707       93.466
  1882.790       94.193
  1882.874       94.745
  1882.958       94.707
  1883.042       94.351
  1883.123       94.332
  1883.204       95.195
  1883.288       97.073
  1883.371       99.750
  1883.455      102.944
  1883.538      106.582
  1883.623      110.819
  1883.707      115.779
  1883.790      121.230
  1883.874      126.451
  1883.958      130.405
  1884.042      132.097
  1884.124      130.921
  1884.206      126.875
  1884.290      120.586
  1884.373      113.120
  1884.456      105.602
  1884.540       98.868
  1884.624       93.324
  1884.708       89.109
  1884.791       86.361
  1884.874       85.308
  1884.958       86.128
  1885.042       88.709
  1885.123       92.519
  1885.204       96.635
  1885.288       99.880
  1885.371      101.045
  1885.455       99.224
  1885.538       94.203
  1885.623       86.654
  1885.707       77.967
  1885.790       69.788
  1885.874       63.470
  1885.958       59.663
  1886.042       58.142
  1886.123       57.923
  1886.204       57.664
  1886.288       56.204
  1886.371       52.973
  1886.455       48.078
  1886.538       42.090
  1886.623       35.753
  1886.707       29.787
  1886.790       24.772
  1886.874       21.081
  1886.958       18.838
  1887.042       17.951
  1887.123       18.215
  1887.204       19.367
  1887.288       21.057
  1887.371       22.802
  1887.455       24.055
  1887.538       24.414
  1887.623       23.822
  1887.707       22.579
  1887.790       21.123
  1887.874       19.740
  1887.958       18.450
  1888.042       17.110
  1888.124       15.616
  1888.206       14.015
  1888.290       12.472
  1888.373       11.159
  1888.456       10.189
  1888.540        9.601
  1888.624        9.360
  1888.708        9.372
  1888.791        9.501
  1888.874        9.619
  1888.958        9.663
  1889.042        9.662
  1889.123        9.721
  1889.204        9.974
  1889.288       10.518
  1889.371       11.311
  1889.455       12.129
  1889.538       12.617
  1889.623       12.472
  1889.707       11.629
  1889.790       10.315
  1889.874        8.906
  1889.958        7.733
  1890.042        6.978
  1890.123        6.706
  1890.204        6.955
  1890.288        7.775
  1890.371        9.178
  1890.455       11.065
  1890.538       13.204
  1890.623       15.310
  1890.707       17.203
  1890.790       18.948
  1890.874       20.875
  1890.958       23.496
  1891.042       27.331
  1891.123       32.734
  1891.204       39.720
  1891.288       47.843
  1891.371       56.242
  1891.455       63.907
  1891.538       70.097
  1891.623       74.659
  1891.707       78.081
  1891.790       81.232
  1891.874       84.955
  1891.958       89.721
  1892.042       95.504
  1892.124      101.912
  1892.206      108.426
  1892.290      114.545
  1892.373      119.786
  1892.456      123.676
  1892.540      125.872
  1892.624      126.376
  1892.708      125.651
  1892.791      124.486
  1892.874      123.692
  1892.958      123.857
  1893.042      125.281
  1893.123      128.055
  1893.204      132.088
  1893.288      137.029
  1893.371      142.191
  1893.455      146.618
  1893.538      149.375
  1893.623      149.941
  1893.707      148.452
  1893.790      145.615
  1893.874      142.354
  1893.958      139.488
  1894.042      137.624
  1894.123      137.142
  1894.204      138.063
  1894.288      139.796
  1894.371      141.141
  1894.455      140.731
  1894.538      137.756
  1894.623      132.412
  1894.707      125.799
  1894.790      119.347
  1894.874      114.224
  1894.958      110.983
  1895.042      109.534
  1895.123      109.309
  1895.204      109.528
  1895.288      109.477
  1895.371      108.733
  1895.455      107.234
  1895.538      105.163
  1895.623      102.720
  1895.707       99.972
  1895.790       96.865
  1895.874       93.355
  1895.958       89.520
  1896.042       85.546
  1896.124       81.656
  1896.206       78.062
  1896.290       74.955
  1896.373       72.483
  1896.456       70.676
  1896.540       69.398
  1896.624       68.372
  1896.708       67.278
  1896.791       65.843
  1896.874       63.871
  1896.958       61.238
  1897.042       57.928
  1897.123       54.091
  1897.204       50.095
  1897.288       46.464
  1897.371       43.707
  1897.455       42.086
  1897.538       41.504
  1897.623       41.603
  1897.707       42.043
  1897.790       42.706
  1897.874       43.618
  1897.958       44.684
  1898.042       45.535
  1898.123       45.698
  1898.204       44.960
  1898.288       43.600
  1898.371       42.271
  1898.455       41.595
  1898.538       41.747
  1898.623       42.298
  1898.707       42.443
  1898.790       41.457
  1898.874       39.103
  1898.958       35.734
  1899.042       32.041
  1899.123       28.673
  1899.204       25.958
  1899.288       23.873
  1899.371       22.194
  1899.455       20.708
  1899.538       19.342
  1899.623       18.180
  1899.707       17.371
  1899.790       17.012
  1899.874       17.102
  1899.958       17.544
  1900.042       18.187
  1900.123       18.837
  1900.204       19.270
  1900.288       19.275
  1900.371       18.724
  1900.455       17.636
  1900.538       16.152
  1900.623       14.439
  1900.707       12.616
  1900.790       10.759
  1900.874        8.975
  1900.958        7.447
  1901.042        6.373
  1901.123        5.842
  1901.204        5.755
  1901.288        5.856
  1901.371        5.872
  1901.455        5.655
  1901.538        5.243
  1901.623        4.804
  1901.707        4.524
  1901.790        4.503
  1901.874        4.729
  1901.958        5.105
  1902.042        5.492
  1902.123        5.759
  1902.204        5.852
  1902.288        5.852
  1902.371        5.980
  1902.455        6.503
  1902.538        7.585
  1902.623        9.183
  1902.707       11.090
  1902.790       13.091
  1902.874       15.136
  1902.958       17.346
  1903.042       19.883
  1903.123       22.780
  1903.204       25.912
  1903.288       29.121
  1903.371       32.361
  1903.455       35.745
  1903.538       39.454
  1903.623       43.565
  1903.707       47.907
  1903.790       52.051
  1903.874       55.511
  1903.958       58.050
  1904.042       59.873
  1904.124       61.519
  1904.206       63.515
  1904.290       66.067
  1904.373       68.986
  1904.456       71.880
  1904.540       74.451
  1904.624       76.708
  1904.708       78.977
  1904.791       81.659
  1904.874       84.870
  1904.958       88.239
  1905.042       91.054
  1905.123       92.754
  1905.204       93.392
  1905.288       93.709
  1905.371       94.708
  1905.455       97.056
  1905.538      100.681
  1905.623      104.757
  1905.707      108.007
  1905.790      109.227
  1905.874      107.887
  1905.958      104.527
  1906.042      100.616
  1906.123       97.829
  1906.204       97.135
  1906.288       98.283
  1906.371       99.988
  1906.455      100.698
  1906.538       99.535
  1906.623       96.918
  1906.707       94.421
  1906.790       93.840
  1906.874       95.963
  1906.958       99.915
  1907.042      103.597
  1907.123      104.986
  1907.204      103.385
  1907.288       99.783
  1907.371       96.126
  1907.455       94.071
  1907.538       94.029
  1907.623       95.043
  1907.707       95.458
  1907.790       93.922
  1907.874       90.123
  1907.958       84.917
  1908.042       79.843
  1908.124       76.409
  1908.206       75.529
  1908.290       77.326
  1908.373       81.198
  1908.456       86.000
  1908.540       90.305
  1908.624       92.820
  1908.708       92.910
  1908.791       90.878
  1908.874       87.690
  1908.958       84.280
  1909.042       80.981
  1909.123       77.519
  1909.204       73.548
  1909.288       69.207
  1909.371       65.263
  1909.455       62.747
  1909.538       62.338
  1909.623       63.875
  1909.707       66.272
  1909.790       67.909
  1909.874       67.321
  1909.958       63.838
  1910.042       57.831
  1910.123       50.466
  1910.204       43.166
  1910.288       37.092
  1910.371       32.859
  1910.455       30.480
  1910.538       29.452
  1910.623       28.935
  1910.707       28.052
  1910.790       26.263
  1910.874       23.607
  1910.958       20.624
  1911.042       17.968
  1911.123       15.987
  1911.204       14.574
  1911.288       13.361
  1911.371       12.034
  1911.455       10.529
  1911.538        8.989
  1911.623        7.601
  1911.707        6.470
  1911.790        5.602
  1911.874        4.977
  1911.958        4.604
  1912.042        4.512
  1912.124        4.697
  1912.206        5.078
  1912.290        5.527
  1912.373        5.933
  1912.456        6.247
  1912.540        6.475
  1912.624        6.620
  1912.708        6.648
  1912.791        6.493
  1912.874        6.106
  1912.958        5.485
  1913.042        4.688
  1913.123        3.813
  1913.204        2.983
  1913.288        2.314
  1913.371        1.888
  1913.455        1.737
  1913.538        1.848
  1913.623        2.181
  1913.707        2.699
  1913.790        3.395
  1913.874        4.299
  1913.958        5.464
  1914.042        6.916
  1914.123        8.598
  1914.204       10.354
  1914.288       11.994
  1914.371       13.425
  1914.455       14.750
  1914.538       16.288
  1914.623       18.469
  1914.707       21.703
  1914.790       26.250
  1914.874       32.153
  1914.958       39.226
  1915.042       47.140
  1915.123       55.547
  1915.204       64.142
  1915.288       72.587
  1915.371       80.319
  1915.455       86.500
  1915.538       90.277
  1915.623       91.270
  1915.707       89.967
  1915.790       87.685
  1915.874       86.070
  1915.958       86.394
  1916.042       88.993
  1916.124       93.123
  1916.206       97.290
  1916.290       99.933
  1916.373      100.154
  1916.456       98.155
  1916.540       95.163
  1916.624       92.878
  1916.708       92.765
  1916.791       95.578
  1916.874      101.324
  1916.958      109.563
  1917.042      119.768
  1917.123      131.488
  1917.204      144.282
  1917.288      157.476
  1917.371      169.954
  1917.455      180.205
  1917.538      186.726
  1917.623      188.638
  1917.707      186.077
  1917.790      180.060
  1917.874      171.933
  1917.958      162.898
  1918.042      153.951
  1918.123      146.065
  1918.204      140.206
  1918.288      137.022
  1918.371      136.438
  1918.455      137.526
  1918.538      138.777
  1918.623      138.688
  1918.707      136.400
  1918.790      132.035
  1918.874      126.610
  1918.958      121.589
  1919.042      118.275
  1919.123      117.296
  1919.204      118.344
  1919.288      120.236
  1919.371      121.307
  1919.455      120.063
  1919.538      115.825
  1919.623      109.025
  1919.707      100.972
  1919.790       93.215
  1919.874       86.858
  1919.958       82.143
  1920.042       78.492
  1920.124       74.979
  1920.206       70.939
  1920.290       66.371
  1920.373       61.867
  1920.456       58.196
  1920.540       55.831
  1920.624       54.725
  1920.708       54.382
  1920.791       54.161
  1920.874       53.606
  1920.958       52.625
  1921.042       51.434
  1921.123       50.345
  1921.204       49.542
  1921.288       48.950
  1921.371       48.250
  1921.455       47.035
  1921.538       45.060
  1921.623       42.443
  1921.707       39.689
  1921.790       37.469
  1921.874       36.254
  1921.958       36.006
  1922.042       36.111
  1922.123       35.628
  1922.204       33.780
  1922.288       30.396
  1922.371       26.006
  1922.455       21.532
  1922.538       17.799
  1922.623       15.212
  1922.707       13.705
  1922.790       12.905
  1922.874       12.357
  1922.958       11.720
  1923.042       10.894
  1923.123       10.009
  1923.204        9.300
  1923.288        8.954
  1923.371        9.034
  1923.455        9.485
  1923.538       10.168
  1923.623       10.874
  1923.707       11.363
  1923.790       11.483
  1923.874       11.327
  1923.958       11.302
  1924.042       12.006
  1924.124       13.957
  1924.206       17.307
  1924.290       21.721
  1924.373       26.486
  1924.456       30.773
  1924.540       33.932
  1924.624       35.659
  1924.708       36.038
  1924.791       35.509
  1924.874       34.797
  1924.958       34.791
  1925.042       36.312
  1925.123       39.826
  1925.204       45.270
  1925.288       52.137
  1925.371       59.800
  1925.455       67.849
  1925.538       76.194
  1925.623       84.848
  1925.707       93.552
  1925.790      101.567
  1925.874      107.824
  1925.958      111.397
  1926.042      112.019
  1926.123      110.292
  1926.204      107.449
  1926.288      104.793
  1926.371      103.198
  1926.455      102.964
  1926.538      104.030
  1926.623      106.263
  1926.707      109.573
  1926.790      113.815
  1926.874      118.609
  1926.958      123.274
  1927.042      126.921
  1927.123      128.692
  1927.204      128.061
  1927.288      125.065
  1927.371      120.377
  1927.455      115.134
  1927.538      110.554
  1927.623      107.541
  1927.707      106.491
  1927.790      107.386
  1927.874      109.998
  1927.958      114.008
  1928.042      118.986
  1928.124      124.381
  1928.206      129.574
  1928.290      133.956
  1928.373      136.926
  1928.456      137.881
  1928.540      136.346
  1928.624      132.249
  1928.708      126.147
  1928.791      119.146
  1928.874      112.484
  1928.958      107.071
  1929.042      103.274
  1929.123      101.046
  1929.204      100.147
  1929.288      100.250
  1929.371      100.954
  1929.455      101.893
  1929.538      102.946
  1929.623      104.282
  1929.707      106.011
  1929.790      107.657
  1929.874      108.000
  1929.958      105.613
  1930.042       99.772
  1930.123       90.990
  1930.204       80.779
  1930.288       70.883
  1930.371       62.603
  1930.455       56.541
  1930.538       52.696
  1930.623       50.660
  1930.707       49.808
  1930.790       49.510
  1930.874       49.307
  1930.958       48.961
  1931.042       48.327
  1931.123       47.203
  1931.204       45.339
  1931.288       42.608
  1931.371       39.179
  1931.455       35.505
  1931.538       32.118
  1931.623       29.389
  1931.707       27.406
  1931.790       26.015
  1931.874       24.972
  1931.958       24.104
  1932.042       23.382
  1932.124       22.860
  1932.206       22.536
  1932.290       22.240
  1932.373       21.688
  1932.456       20.679
  1932.540       19.282
  1932.624       17.856
  1932.708       16.855
  1932.791       16.549
  1932.874       16.845
  1932.958       17.309
  1933.042       17.376
  1933.123       16.629
  1933.204       14.996
  1933.288       12.758
  1933.371       10.378
  1933.455        8.272
  1933.538        6.667
  1933.623        5.604
  1933.707        5.049
  1933.790        4.988
  1933.874        5.471
  1933.958        6.556
  1934.042        8.217
  1934.123       10.262
  1934.204       12.337
  1934.288       14.032
  1934.371       15.048
  1934.455       15.356
  1934.538       15.251
  1934.623       15.247
  1934.707       15.880
  1934.790       17.493
  1934.874       20.131
  1934.958       23.592
  1935.042       27.602
  1935.123       31.995
  1935.204       36.774
  1935.288       42.029
  1935.371       47.818
  1935.455       54.149
  1935.538       61.039
  1935.623       68.528
  1935.707       76.572
  1935.790       84.901
  1935.874       93.002
  1935.958      100.243
  1936.042      106.065
  1936.124      110.181
  1936.206      112.734
  1936.290      114.401
  1936.373      116.326
  1936.456      119.811
  1936.540      125.881
  1936.624      134.880
  1936.708      146.274
  1936.791      158.724
  1936.874      170.467
  1936.958      179.937
  1937.042      186.438
  1937.123      190.439
  1937.204      193.194
  1937.288      195.831
  1937.371      198.515
  1937.455      200.294
  1937.538      199.780
  1937.623      196.160
  1937.707      189.855
  1937.790      182.425
  1937.874      175.844
  1937.958      171.672
  1938.042      170.576
  1938.123      172.372
  1938.204      176.313
  1938.288      181.318
  1938.371      186.075
  1938.455      189.203
  1938.538      189.627
  1938.623      186.978
  1938.707      181.694
  1938.790      174.761
  1938.874      167.384
  1938.958      160.807
  1939.042      156.219
  1939.123      154.464
  1939.204      155.607
  1939.288      158.697
  1939.371      162.028
  1939.455      163.739
  1939.538      162.395
  1939.623      157.330
  1939.707      148.806
  1939.790      138.041
  1939.874      126.991
  1939.958      117.736
  1940.042      111.725
  1940.124      109.317
  1940.206      109.890
  1940.290      112.318
  1940.373      115.380
  1940.456      117.917
  1940.540      118.904
  1940.624      117.640
  1940.708      113.974
  1940.791      108.355
  1940.874      101.592
  1940.958       94.571
  1941.042       88.119
  1941.123       83.027
  1941.204       80.009
  1941.288       79.448
  1941.371       81.065
  1941.455       83.801
  1941.538       86.154
  1941.623       86.832
  1941.707       85.388
  1941.790       82.369
  1941.874       78.901
  1941.958       75.920
  1942.042       73.546
  1942.123       71.032
  1942.204       67.321
  1942.288       61.846
  1942.371       55.008
  1942.455       48.004
  1942.538       42.162
  1942.623       38.289
  1942.707       36.415
  1942.790       35.998
  1942.874       36.307
  1942.958       36.713
  1943.042       36.762
  1943.123       36.146
  1943.204       34.697
  1943.288       32.459
  1943.371       29.720
  1943.455       26.898
  1943.538       24.346
  1943.623       22.200
  1943.707       20.377
  1943.790       18.686
  1943.874       16.946
  1943.958       15.086
  1944.042       13.193
  1944.124       11.512
  1944.206       10.380
  1944.290       10.119
  1944.373       10.930
  1944.456       12.810
  1944.540       15.539
  1944.624       18.750
  1944.708       22.062
  1944.791       25.212
  1944.874       28.135
  1944.958       30.971
  1945.042       33.996
  1945.123       37.484
  1945.204       41.556
  1945.288       46.112
  1945.371       50.903
  1945.455       55.705
  1945.538       60.447
  1945.623       65.220
  1945.707       70.228
  1945.790       75.780
  1945.874       82.280
  1945.958       90.082
  1946.042       99.248
  1946.123      109.414
  1946.204      119.963
  1946.288      130.345
  1946.371      140.261
  1946.455      149.574
  1946.538      158.146
  1946.623      165.803
  1946.707      172.424
  1946.790      178.055
  1946.874      182.998
  1946.958      187.843
  1947.042      193.366
  1947.123      200.189
  1947.204      208.327
  1947.288      216.945
  1947.371      224.558
  1947.455      229.540
  1947.538      230.627
  1947.623      227.224
  1947.707      219.577
  1947.790      208.922
  1947.874      197.494
  1947.958      188.126
  1948.042      183.368
  1948.124      184.405
  1948.206      190.399
  1948.290      198.729
  1948.373      206.139
  1948.456      210.145
  1948.540      209.917
  1948.624      206.301
  1948.708      201.200
  1948.791      196.716
  1948.874      194.330
  1948.958      194.323
  1949.042      195.689
  1949.123      196.733
  1949.204      196.084
  1949.288      193.502
  1949.371      189.901
  1949.455      186.603
  1949.538      184.395
  1949.623      183.054
  1949.707      181.579
  1949.790      178.878
  1949.874      174.440
  1949.958      168.562
  1950.042      162.051
  1950.123      155.625
  1950.204      149.457
  1950.288      143.142
  1950.371      136.074
  1950.455      127.911
  1950.538      118.850
  1950.623      109.605
  1950.707      101.195
  1950.790       94.654
  1950.874       90.792
  1950.958       90.032
  1951.042       92.295
  1951.123       96.903
  1951.204      102.552
  1951.288      107.516
  1951.371      110.168
  1951.455      109.557
  1951.538      105.686
  1951.623       99.285
  1951.707       91.308
  1951.790       82.554
  1951.874       73.614
  1951.958       65.031
  1952.042       57.435
  1952.124       51.496
  1952.206       47.702
  1952.290       46.119
  1952.373       46.250
  1952.456       47.150
  1952.540       47.747
  1952.624       47.245
  1952.708       45.379
  1952.791       42.377
  1952.874       38.726
  1952.958       34.943
  1953.042       31.465
  1953.123       28.620
  1953.204       26.571
  1953.288       25.254
  1953.371       24.373
  1953.455       23.498
  1953.538       22.211
  1953.623       20.241
  1953.707       17.565
  1953.790       14.439
  1953.874       11.320
  1953.958        8.677
  1954.042        6.788
  1954.123        5.666
  1954.204        5.141
  1954.288        5.025
  1954.371        5.231
  1954.455        5.768
  1954.538        6.689
  1954.623        8.035
  1954.707        9.816
  1954.790       11.992
  1954.874       14.461
  1954.958       17.090
  1955.042       19.816
  1955.123       22.764
  1955.204       26.259
  1955.288       30.705
  1955.371       36.444
  1955.455       43.692
  1955.538       52.560
  1955.623       63.062
  1955.707       75.069
  1955.790       88.265
  1955.874      102.189
  1955.958      116.332
  1956.042      130.209
  1956.124      143.433
  1956.206      155.835
  1956.290      167.576
  1956.373      179.116
  1956.456      190.926
  1956.540      203.074
  1956.624      214.963
  1956.708      225.429
  1956.791      233.210
  1956.874      237.574
  1956.958      238.816
  1957.042      238.308
  1957.123      238.001
  1957.204      239.621
  1957.288      244.060
  1957.371      251.306
  1957.455      260.755
  1957.538      271.479
  1957.623      282.217
  1957.707      291.315
  1957.790      297.017
  1957.874      298.145
  1957.958      294.742
  1958.042      288.143
  1958.123      280.394
  1958.204      273.409
  1958.288      268.365
  1958.371      265.523
  1958.455      264.398
  1958.538      264.085
  1958.623      263.667
  1958.707      262.573
  1958.790      260.717
  1958.874      258.322
  1958.958      255.605
  1959.042      252.626
  1959.123      249.368
  1959.204      245.853
  1959.288      242.085
  1959.371      237.869
  1959.455      232.733
  1959.538      226.140
  1959.623      217.891
  1959.707      208.408
  1959.790      198.649
  1959.874      189.644
  1959.958      182.063
  1960.042      176.107
  1960.124      171.721
  1960.206      168.780
  1960.290      167.056
  1960.373      166.005
  1960.456      164.678
  1960.540      161.886
  1960.624      156.592
  1960.708      148.348
  1960.791      137.523
  1960.874      125.227
  1960.958      112.982
  1961.042      102.292
  1961.123       94.248
  1961.204       89.220
  1961.288       86.756
  1961.371       85.730
  1961.455       84.761
  1961.538       82.736
  1961.623       79.233
  1961.707       74.625
  1961.790       69.831
  1961.874       65.827
  1961.958       63.173
  1962.042       61.788
  1962.123       61.065
  1962.204       60.244
  1962.288       58.798
  1962.371       56.661
  1962.455       54.147
  1962.538       51.667
  1962.623       49.414
  1962.707       47.269
  1962.790       45.008
  1962.874       42.608
  1962.958       40.403
  1963.042       38.922
  1963.123       38.558
  1963.204       39.313
  1963.288       40.781
  1963.371       42.358
  1963.455       43.494
  1963.538       43.824
  1963.623       43.152
  1963.707       41.398
  1963.790       38.620
  1963.874       35.066
  1963.958       31.141
  1964.042       27.260
  1964.124       23.694
  1964.206       20.537
  1964.290       17.793
  1964.373       15.482
  1964.456       13.686
  1964.540       12.528
  1964.624       12.115
  1964.708       12.473
  1964.791       13.506
  1964.874       14.978
  1964.958       16.574
  1965.042       18.007
  1965.123       19.126
  1965.204       19.924
  1965.288       20.479
  1965.371       20.893
  1965.455       21.279
  1965.538       21.797
  1965.623       22.644
  1965.707       24.012
  1965.790       26.047
  1965.874       28.861
  1965.958       32.543
  1966.042       37.137
  1966.123       42.574
  1966.204       48.604
  1966.288       54.821
  1966.371       60.798
  1966.455       66.300
  1966.538       71.451
  1966.623       76.751
  1966.707       82.864
  1966.790       90.232
  1966.874       98.692
  1966.958      107.346
  1967.042      114.863
  1967.123      120.116
  1967.204      122.785
  1967.288      123.509
  1967.371      123.508
  1967.455      123.961
  1967.538      125.577
  1967.623      128.544
  1967.707      132.680
  1967.790      137.522
  1967.874      142.337
  1967.958      146.273
  1968.042      148.725
  1968.124      149.687
  1968.206      149.732
  1968.290      149.610
  1968.373      149.769
  1968.456      150.198
  1968.540      150.625
  1968.624      150.850
  1968.708      150.963
  1968.791      151.338
  1968.874      152.404
  1968.958      154.307
  1969.042      156.674
  1969.123      158.676
  1969.204      159.389
  1969.288      158.248
  1969.371      155.313
  1969.455      151.237
  1969.538      146.998
  1969.623      143.593
  1969.707      141.776
  1969.790      141.903
  1969.874      143.859
  1969.958      147.089
  1970.042      150.754
  1970.123      153.970
  1970.204      156.027
  1970.288      156.493
  1970.371      155.217
  1970.455      152.308
  1970.538      148.102
  1970.623      143.084
  1970.707      137.724
  1970.790      132.298
  1970.874      126.815
  1970.958      121.124
  1971.042      115.127
  1971.123      108.966
  1971.204      103.039
  1971.288       97.838
  1971.371       93.722
  1971.455       90.801
  1971.538       89.025
  1971.623       88.367
  1971.707       88.916
  1971.790       90.750
  1971.874       93.715
  1971.958       97.340
  1972.042      100.977
  1972.124      104.058
  1972.206      106.238
  1972.290      107.342
  1972.373      107.195
  1972.456      105.538
  1972.540      102.144
  1972.624       97.045
  1972.708       90.686
  1972.791       83.879
  1972.874       77.550
  1972.958       72.400
  1973.042       68.654
  1973.123       66.013
  1973.204       63.860
  1973.288       61.608
  1973.371       59.003
  1973.455       56.167
  1973.538       53.382
  1973.623       50.810
  1973.707       48.409
  1973.790       46.116
  1973.874       44.075
  1973.958       42.676
  1974.042       42.366
  1974.123       43.389
  1974.204       45.614
  1974.288       48.555
  1974.371       51.498
  1974.455       53.695
  1974.538       54.533
  1974.623       53.633
  1974.707       50.907
  1974.790       46.562
  1974.874       41.086
  1974.958       35.183
  1975.042       29.656
  1975.123       25.256
  1975.204       22.527
  1975.288       21.665
  1975.371       22.394
  1975.455       23.980
  1975.538       25.451
  1975.623       25.985
  1975.707       25.264
  1975.790       23.560
  1975.874       21.525
  1975.958       19.825
  1976.042       18.837
  1976.124       18.540
  1976.206       18.621
  1976.290       18.724
  1976.373       18.672
  1976.456       18.539
  1976.540       18.523
  1976.624       18.766
  1976.708       19.271
  1976.791       19.951
  1976.874       20.735
  1976.958       21.634
  1977.042       22.748
  1977.123       24.258
  1977.204       26.384
  1977.288       29.286
  1977.371       32.978
  1977.455       37.308
  1977.538       42.069
  1977.623       47.176
  1977.707       52.803
  1977.790       59.371
  1977.874       67.319
  1977.958       76.754
  1978.042       87.171
  1978.123       97.518
  1978.204      106.651
  1978.288      113.953
  1978.371      119.715
  1978.455      125.018
  1978.538      131.149
  1978.623      138.911
  1978.707      148.245
  1978.790      158.339
  1978.874      168.038
  1978.958      176.301
  1979.042      182.573
  1979.123      187.035
  1979.204      190.636
  1979.288      194.729
  1979.371      200.443
  1979.455      208.108
  1979.538      217.092
  1979.623      226.038
  1979.707      233.340
  1979.790      237.684
  1979.874      238.517
  1979.958      236.277
  1980.042      232.222
  1980.124      227.830
  1980.206      224.133
  1980.290      221.380
  1980.373      219.262
  1980.456      217.428
  1980.540      215.807
  1980.624      214.473
  1980.708      213.292
  1980.791      211.822
  1980.874      209.607
  1980.958      206.582
  1981.042      203.178
  1981.123      200.072
  1981.204      197.876
  1981.288      197.025
  1981.371      197.765
  1981.455      200.005
  1981.538      203.068
  1981.623      205.726
  1981.707      206.726
  1981.790      205.487
  1981.874      202.326
  1981.958      198.012
  1982.042      193.060
  1982.123      187.445
  1982.204      180.961
  1982.288      173.787
  1982.371      166.637
  1982.455      160.332
  1982.538      155.213
  1982.623      150.908
  1982.707      146.593
  1982.790      141.490
  1982.874      135.297
  1982.958      128.378
  1983.042      121.654
  1983.123      116.166
  1983.204      112.455
  1983.288      110.116
  1983.371      107.918
  1983.455      104.476
  1983.538       99.075
  1983.623       92.112
  1983.707       84.962
  1983.790       79.360
  1983.874       76.622
  1983.958       77.016
  1984.042       79.549
  1984.124       82.312
  1984.206       83.230
  1984.290       80.876
  1984.373       74.926
  1984.456       66.132
  1984.540       55.908
  1984.624       45.808
  1984.708       37.072
  1984.791       30.390
  1984.874       25.881
  1984.958       23.267
  1985.042       22.113
  1985.123       21.983
  1985.204       22.461
  1985.288       23.101
  1985.371       23.436
  1985.455       23.110
  1985.538       22.036
  1985.623       20.443
  1985.707       18.754
  1985.790       17.356
  1985.874       16.446
  1985.958       16.005
  1986.042       15.858
  1986.123       15.773
  1986.204       15.552
  1986.288       15.131
  1986.371       14.618
  1986.455       14.235
  1986.538       14.164
  1986.623       14.402
  1986.707       14.770
  1986.790       15.081
  1986.874       15.359
  1986.958       15.928
  1987.042       17.242
  1987.123       19.592
  1987.204       22.899
  1987.288       26.784
  1987.371       30.816
  1987.455       34.720
  1987.538       38.408
  1987.623       41.882
  1987.707       45.204
  1987.790       48.577
  1987.874       52.431
  1987.958       57.331
  1988.042       63.746
  1988.124       71.820
  1988.206       81.335
  1988.290       91.869
  1988.373      103.007
  1988.456      114.479
  1988.540      126.182
  1988.624      138.103
  1988.708      150.163
  1988.791      161.997
  1988.874      172.883
  1988.958      181.978
  1989.042      188.835
  1989.123      193.794
  1989.204      197.845
  1989.288      201.991
  1989.371      206.595
  1989.455      211.253
  1989.538      215.193
  1989.623      217.766
  1989.707      218.647
  1989.790      217.730
  1989.874      215.017
  1989.958      210.668
  1990.042      205.147
  1990.123      199.263
  1990.204      194.028
  1990.288      190.355
  1990.371      188.741
  1990.455      189.054
  1990.538      190.614
  1990.623      192.554
  1990.707      194.297
  1990.790      195.779
  1990.874      197.258
  1990.958      198.914
  1991.042      200.650
  1991.123      202.251
  1991.204      203.654
  1991.288      204.975
  1991.371      206.210
  1991.455      206.965
  1991.538      206.606
  1991.623      204.757
  1991.707      201.640
  1991.790      197.840
  1991.874      193.636
  1991.958      188.517
  1992.042      181.400
  1992.124      171.440
  1992.206      158.835
  1992.290      145.000
  1992.373      132.021
  1992.456      121.752
  1992.540      115.134
  1992.624      111.983
  1992.708      111.249
  1992.791      111.490
  1992.874      111.395
  1992.958      110.104
  1993.042      107.292
  1993.123      103.014
  1993.204       97.516
  1993.288       91.147
  1993.371       84.348
  1993.455       77.650
  1993.538       71.627
  1993.623       66.790
  1993.707       63.419
  1993.790       61.388
  1993.874       60.106
  1993.958       58.710
  1994.042       56.475
  1994.123       53.210
  1994.204       49.369
  1994.288       45.781
  1994.371       43.176
  1994.455       41.827
  1994.538       41.484
  1994.623       41.589
  1994.707       41.584
  1994.790       41.129
  1994.874       40.153
  1994.958       38.743
  1995.042       36.969
  1995.123       34.822
  1995.204       32.286
  1995.288       29.476
  1995.371       26.668
  1995.455       24.177
  1995.538       22.189
  1995.623       20.668
  1995.707       19.406
  1995.790       18.155
  1995.874       16.768
  1995.958       15.261
  1996.042       13.790
  1996.124       12.561
  1996.206       11.728
  1996.290       11.323
  1996.373       11.249
  1996.456       11.335
  1996.540       11.434
  1996.624       11.496
  1996.708       11.578
  1996.791       11.778
  1996.874       12.170
  1996.958       12.812
  1997.042       13.767
  1997.123       15.120
  1997.204       16.945
  1997.288       19.294
  1997.371       22.207
  1997.455       25.710
  1997.538       29.758
  1997.623       34.174
  1997.707       38.693
  1997.790       43.106
  1997.874       47.407
  1997.958       51.811
  1998.042       56.632
  1998.123       62.111
  1998.204       68.314
  1998.288       75.110
  1998.371       82.165
  1998.455       88.947
  1998.538       94.788
  1998.623       99.098
  1998.707      101.642
  1998.790      102.728
  1998.874      103.164
  1998.958      104.041
  1999.042      106.459
  1999.123      111.213
  1999.204      118.438
  1999.288      127.360
  1999.371      136.419
  1999.455      143.908
  1999.538      148.799
  1999.623      151.196
  1999.707      152.121
  1999.790      152.903
  1999.874      154.647
  1999.958      157.990
  2000.042      163.018
  2000.124      169.225
  2000.206      175.622
  2000.290      181.014
  2000.373      184.316
  2000.456      184.782
  2000.540      182.168
  2000.624      176.859
  2000.708      169.872
  2000.791      162.602
  2000.874      156.391
  2000.958      152.164
  2001.042      150.293
  2001.123      150.670
  2001.204      152.875
  2001.288      156.409
  2001.371      160.889
  2001.455      166.101
  2001.538      171.820
  2001.623      177.557
  2001.707      182.481
  2001.790      185.675
  2001.874      186.554
  2001.958      185.142
  2002.042      182.035
  2002.123      178.111
  2002.204      174.179
  2002.288      170.763
  2002.371      168.047
  2002.455      165.880
  2002.538      163.785
  2002.623      161.002
  2002.707      156.714
  2002.790      150.402
  2002.874      142.152
  2002.958      132.727
  2003.042      123.361
  2003.123      115.357
  2003.204      109.636
  2003.288      106.376
  2003.371      104.930
  2003.455      104.089
  2003.538      102.603
  2003.623       99.697
  2003.707       95.307
  2003.790       89.965
  2003.874       84.466
  2003.958       79.537
  2004.042       75.633
  2004.124       72.897
  2004.206       71.204
  2004.290       70.249
  2004.373       69.628
  2004.456       68.906
  2004.540       67.704
  2004.624       65.769
  2004.708       63.037
  2004.791       59.654
  2004.874       55.979
  2004.958       52.535
  2005.042       49.884
  2005.123       48.430
  2005.204       48.218
  2005.288       48.845
  2005.371       49.551
  2005.455       49.497
  2005.538       48.114
  2005.623       45.359
  2005.707       41.693
  2005.790       37.810
  2005.874       34.313
  2005.958       31.554
  2006.042       29.668
  2006.123       28.623
  2006.204       28.211
  2006.288       28.048
  2006.371       27.722
  2006.455       27.022
  2006.538       26.038
  2006.623       25.042
  2006.707       24.243
  2006.790       23.611
  2006.874       22.908
  2006.958       21.867
  2007.042       20.404
  2007.123       18.678
  2007.204       16.984
  2007.288       15.531
  2007.371       14.307
  2007.455       13.126
  2007.538       11.820
  2007.623       10.405
  2007.707        9.076
  2007.790        8.062
  2007.874        7.460
  2007.958        7.186
  2008.042        7.037
  2008.124        6.812
  2008.206        6.384
  2008.290        5.735
  2008.373        4.941
  2008.456        4.139
  2008.540        3.468
  2008.624        3.012
  2008.708        2.760
  2008.791        2.627
  2008.874        2.512
  2008.958        2.371
  2009.042        2.240
  2009.123        2.203
  2009.204        2.341
  2009.288        2.682
  2009.371        3.209
  2009.455        3.906
  2009.538        4.805
  2009.623        5.996
  2009.707        7.578
  2009.790        9.577
  2009.874       11.871
  2009.958       14.190
  2010.042       16.217
  2010.123       17.755
  2010.204       18.861
  2010.288       19.839
  2010.371       21.071
  2010.455       22.789
  2010.538       24.961
  2010.623       27.371
  2010.707       29.843
  2010.790       32.449
  2010.874       35.521
  2010.958       39.439
  2011.042       44.313
  2011.123       49.837
  2011.204       55.489
  2011.288       60.952
  2011.371       66.428
  2011.455       72.491
  2011.538       79.539
  2011.623       87.213
  2011.707       94.287
  2011.790       99.182
  2011.874      100.834
  2011.958       99.342
  2012.042       95.954
  2012.124       92.402
  2012.206       90.031
  2012.290       89.256
  2012.373       89.605
  2012.456       90.175
  2012.540       90.151
  2012.624       89.140
  2012.708       87.252
  2012.791       84.990
  2012.874       83.052
  2012.958       82.081
  2013.042       82.431
  2013.123       84.002
  2013.204       86.246
  2013.288       88.408
  2013.371       89.939
  2013.455       90.870
  2013.538       91.848
  2013.623       93.779
  2013.707       97.287
  2013.790      102.310
  2013.874      108.084
  2013.958      113.464
  2014.042      117.375
  2014.123      119.184
  2014.204      118.877
  2014.288      116.993
  2014.371      114.363
  2014.455      111.740
  2014.538      109.497
  2014.623      107.525
  2014.707      105.368
  2014.790      102.497
  2014.874       98.582
  2014.958       93.680
  2015.042       88.259
  2015.123       83.032
  2015.204       78.635
  2015.288       75.352
  2015.371       73.050
  2015.455       71.353
  2015.538       69.870
  2015.623       68.324
  2015.707       66.552
  2015.790       64.468
  2015.874       62.040
  2015.958       59.275
  2016.042       56.200
  2016.124       52.868
  2016.206       49.403
  2016.288       46.028
  2016.373       43.004
  2016.455       40.491
  2016.540       38.412
  2016.624       36.480
  2016.706       34.386
  2016.791       32.031
  2016.873       29.597
  2016.958       27.410
  2017.042       25.726
  2017.122       24.606
  2017.204       23.961
  2017.286       23.654
  2017.371       23.557
  2017.453       23.498
  2017.538       23.196
  2017.623       22.307
  2017.705       20.601
  2017.790       18.152
  2017.873       15.357
  2017.958       12.754
  2018.042       10.767
  2018.122        9.545
  2018.204        8.960
  2018.286        8.721
  2018.371        8.518
  2018.453        8.144
  2018.538        7.551
  2018.623        6.830
  2018.705        6.142
  2018.790        5.626
  2018.873        5.354
  2018.958        5.322
  2019.042        5.455
  2019.122        5.619
  2019.204        5.645
  2019.286        5.393
  2019.371        4.815
  2019.453        3.994
  2019.538        3.108
  2019.623        2.354
  2019.705        1.865
  2019.790        1.673
  2019.873        1.726
  2019.958        1.935
  2020.042        2.222
  2020.124        2.559
  2020.206        2.972
  2020.288        3.533
  2020.373        4.338
  2020.455        5.492
  2020.540        7.074
  2020.624        9.071
  2020.706       11.317
  2020.791       13.499
  2020.873       15.295
  2020.958       16.570
  2021.042       17.490
  2021.122       18.430
  2021.204       19.761
  2021.286       21.685
  2021.371       24.209
  2021.453       27.245
  2021.538       30.708
  2021.623       34.572
  2021.705       38.858
  2021.790       43.611
  2021.873       48.851
  2021.958       54.519
  2022.042       60.432
  2022.122       66.278
  2022.204       71.668
  2022.286       76.271
  2022.371       79.970
  2022.453       82.957
  2022.538       85.683
  2022.623       88.693
  2022.705       92.414
  2022.790       96.992
  2022.873      102.236
  2022.958      107.713
  2023.042      112.988
  2023.122      117.835
  2023.204      122.242
  2023.286      126.156
  2023.371      129.208
  2023.453      130.770
  2023.538      130.359
  2023.623      128.088
  2023.705      124.767
  2023.790      121.531
  2023.873      119.281
  2023.958      118.289
  2024.042      118.206
  2024.124      118.398
